Таблица 1
0 40 15 3 4 3 11 5 5 2 8 250 3 3 5 3 5 115
20 0 20 5 10 3 25 5 5 5 5 250 0 3 0 5 8 100
30 25 0 3 5 5 20 3 10 0 10 120 5 0 0 3 3 120
5 0 0 0 0 0 0 0 3 0 0 0 0 0 0 0 0 0
3 3 0 0 0 0 0 0 0 0 0 3 0 0 0 0 2 0
5 3 2 0 0 0 0 0 0 3 0 0 0 0 0 0 0 0
35 20 20 0 0 0 0 0 2 0 0 20 0 0 3 0 6 15
0 2 0 0 0 0 0 0 0 0 0 0 0 0 0 0 0 0
2 3 0 0 0 0 0 0 0 0 0 3 0 0 0 0 0 0
5 3 0 0 0 0 0 0 0 0 0 5 0 0 0 0 0 0
10 5 0 0 0 0 0 0 0 0 0 8 0 0 0 0 0 0
125 75 40 0 2 0 3 0 0 0 0 0 0 0 0 0 0 0
5 2 3 0 0 3 0 0 0 0 0 0 0 0 0 0 0 5
2 3 0 0 0 0 0 0 0 0 0 0 0 0 0 0 0 5
3 2 0 0 0 0 0 0 0 0 0 0 0 0 0 0 0 2
5 0 0 0 0 0 0 0 0 0 0 0 0 0 0 0 0 5
0 3 0 0 0 0 0 0 0 0 0 0 0 0 0 0 0 5
25 20 10 0 0 0 0 0 0 0 0 0 0 0 0 0 0 0

таблица 2
0 10 0 0 0 10 0 0 10 5 10 225 0 0 0 5 10 75
5 0 0 0 0 10 0 0 5 5 5 175 0 0 0 0 10 75
0 0 0 0 0 15 0 0 0 5 0 75 0 0 0 0 5 75
0 0 0 0 0 0 0 0 0 0 0 5 0 0 0 0 0 0
0 0 0 0 0 0 0 0 0 0 0 0 0 0 0 0 0 0
0 0 0 0 0 0 0 0 0 0 0 10 0 0 0 0 0 0
10 0 0 0 0 0 0 0 0 0 0 5 0 0 0 0 0 5
0 0 0 0 0 0 0 0 0 0 0 0 0 0 0 0 0 0
0 0 0 0 0 0 0 0 0 0 0 0 0 0 0 0 0 0
0 0 0 0 0 0 0 0 0 0 0 0 0 0 0 0 0 0
0 0 0 0 0 0 0 0 0 0 0 15 0 0 0 0 0 0
50 25 0 0 0 5 0 5 0 0 0 0 0 0 0 0 0 0
0 0 0 0 0 0 0 0 0 0 0 0 0 0 0 0 0 0
0 0 0 0 0 0 0 0 0 0 0 0 0 0 0 0 0 5
0 0 0 0 0 0 0 0 0 0 0 0 0 0 0 0 0 0
0 0 0 0 0 0 0 0 0 0 0 0 0 0 0 0 0 0
0 0 0 0 0 0 0 0 0 0 0 0 0 0 0 0 0 10
0 0 0 0 0 0 0 0 0 0 0 0 0 0 0 0 0 0


 


